118.47177508197741 29.364665174485964 119.69578792817788 30.15899239395167 1597121223 1597962955
118.40664599563546 29.324559877228975 120.16205434289651 30.212601627624053 1597227919 1598242509
120.00046091548931 29.401774795447555 120.13021031243535 30.16096525592021 1597741516 1598805012
118.90923399165733 30.454061365832207 118.91754779615381 30.466934496580404 1596996644 1597555612
119.65302426470272 29.306296404377374 120.49139542479921 29.670859055519575 1596228242 1597877349
118.85426991838168 29.3603723320429 119.04834011455503 30.49976426413981 1598204428 1598337724
119.51409430658039 29.239141315174095 119.64986716796757 29.945948409848672 1598568860 1598778590
119.1857074098827 29.788732927585617 120.13797479576236 29.915869967275672 1597443266 1598854492
120.07494649839306 29.849349073612117 120.48143770373551 29.994484436192185 1596750358 1598239862
119.18374962560385 29.43703633300917 120.07097720002888 30.130920255229462 1596615546 1597583667
118.96448809027216 30.091047510116834 119.23052512253152 30.431204735674264 1596779687 1598787549
119.92356103464547 29.60714352933258 120.0270017589857 30.38644465414203 1596155195 1596685980
119.23946824563535 30.30087567540781 119.3320452828865 30.518973976483526 1596981974 1597208002
119.8664675616199 29.70863962964076 120.41055767422041 30.267485753051524 1596410191 1597039130
118.50522982951637 29.183848478112875 118.73087677250221 29.29892098801446 1597869593 1598111402
119.9220465051781 29.198427300379027 120.38993949846588 29.55719776167122 1597304300 1597483470
118.93743054874429 29.660914593140237 119.3824729029618 30.110645965665878 1597082631 1597809859
118.74838690544979 29.529235201525957 120.24460235287387 30.26821693360616 1596815548 1597360539
119.28621136638962 29.236704124819443 120.19079312123687 30.34731166626905 1596159351 1598189004
119.00299939095478 29.929182839681015 120.23849958903065 30.410303528835147 1596742476 1596849550
119.43141056355596 29.302097322679444 119.60860425658551 29.595526640113267 1596039638 1596505009
119.81351748814106 29.352257510867343 119.85068386441785 30.23670866801314 1597342404 1597921210
118.90149412867656 29.34094112713475 118.94045632505492 29.81519687111745 1597404496 1598357456
119.98842050377776 29.36487892963243 120.11032324209256 30.02410177820753 1596283209 1597179825
118.76943448654069 30.035968286142023 119.15384184436263 30.28889699344071 1596587423 1597494090
118.97028756415096 29.783795534731894 120.30813222070894 29.796431680906565 1597667930 1598713587
118.44979659397211 29.577767844808577 119.95460520678505 30.420506648140694 1597921799 1598376307
118.5971309469461 29.771382154555813 119.00235956335293 30.0213877380496 1597818783 1598260928
118.65740034398586 30.1104270743477 118.83127185677937 30.396774152770128 1596549075 1597760014
118.76397849041865 29.415651423280107 120.02293796562596 29.759880206783265 1596454320 1597173121
120.01810388980559 29.511834953383097 120.33624045039221 29.742223961195542 1596067745 1597648875
118.70095950180573 29.29827394745397 119.69721350815664 29.692260861206705 1598172869 1598790603
118.50964599855183 30.4123889350151 119.81775756160899 30.531296366826595 1597323364 1598590559
119.17789372060614 29.779486479586076 119.22174451814189 29.95129348915599 1596186972 1598803688
118.6513509709177 29.62735280350746 120.4912899253898 30.155158714243544 1597626920 1598289138
119.51822930504434 29.841709521473447 120.3798998977726 30.15431219052553 1596073251 1598489599
120.09112109107636 30.001300036542126 120.30241102488725 30.079752456125753 1597826732 1598176555
118.49518375741994 29.921429110462228 118.66458598365467 30.4614495871212 1596485817 1597975899
119.7920937460761 30.10728038937659 120.32680130465124 30.429696382567037 1596355833 1596543399
118.54278878035437 29.776388729273197 119.47176850261508 30.205867293360562 1598089435 1598540273
119.20958398058116 29.865281641501326 120.33184838179768 29.87771872928491 1598002049 1598418839
118.69435909026595 29.325744627490376 119.21227067048254 30.510465995645905 1597746766 1598096851
118.59157610556379 30.07376322744446 119.21319977040751 30.29197869819995 1597583336 1598221727
119.32333550829787 30.321389057995496 119.40165831602492 30.380306382662223 1596284755 1598140476
118.65308366799535 29.390025392021215 119.73836597940627 29.730943094392046 1597167451 1597480108
118.63463691902 29.735153588710432 119.21532105718958 30.325504662691845 1597787883 1597976093
119.5966546544954 29.384977833232533 120.02734843249968 30.070423471871965 1596862737 1598658697
118.5572626251696 29.739769617660148 118.95903196475832 30.483669246510416 1596585684 1597183691
118.89477273925128 29.93855672333457 120.11403994874681 30.547232785879824 1596455221 1598604020
118.38007689086636 29.814320398573283 119.79642146790948 30.468781586921818 1596328557 1598344704
119.7867107420239 29.41353403610713 120.27119004084578 30.198165054446182 1598070697 1598780461
119.68895597627682 29.68679321633939 120.4663053475765 29.971085656718905 1596900508 1598522845
118.39871269170375 30.263895581198813 119.55235793578058 30.549745611406877 1596415366 1598344988
118.42732473255714 29.61634308584423 118.77342905505866 30.54990292019327 1597044143 1597420124
119.85146732083986 30.054560236571323 120.05818834044395 30.059054037509284 1596780027 1597260235
118.4208851409505 29.783102701369184 120.00489033695136 29.970548200179454 1596124089 1596529593
118.362811256822 30.019713642961335 118.98706858917254 30.263847722390043 1596892276 1598536869
119.0628745455107 30.047475127854696 120.46980620205528 30.06234740250775 1596172002 1598112983
118.526363182587 29.346164087760272 118.88166932261888 29.834158272724423 1598180214 1598510626
118.9874606937093 29.595899344864755 119.1833075965833 29.737097247973992 1597763110 1598668744
118.43894505911446 29.742993308278393 118.85668492527195 29.994366770032418 1596273152 1597758317
118.52128951518658 30.01815311725036 118.85346549443558 30.543753011549622 1596532656 1596623178
119.0746063527603 29.788487088148226 119.88425102532122 30.082276740568705 1596445443 1598730638
118.92030872254912 29.83861927607824 119.54557114904716 30.27263860861065 1596616309 1596800839
120.3634441964932 29.697880702524174 120.41746196119833 30.336060427894676 1596707048 1598616534
119.15946852151754 29.31394438450038 120.11056214383036 30.246621306541478 1597700413 1598066144
119.0991851814589 30.222294103321612 119.55478566193229 30.284952258290588 1596730758 1596883858
120.28831108396432 29.27972391406113 120.42342464725944 30.032788156842116 1597356994 1598079685
118.65367732058398 30.045012530042253 118.74258958833899 30.17814029000889 1596563676 1597489643
118.37663646052515 29.577353959058772 120.20105604167523 30.104138311715374 1596247761 1597724066
118.71991018520251 29.26966713228774 118.93246354399116 29.593495647253942 1598040285 1598870285
119.9911125007823 29.31369905107213 120.44018004093515 29.328104045544332 1597571607 1598215482
118.54313888032686 30.37074153403417 120.41134636837836 30.547293970778853 1596898516 1598635274
119.89895510491547 29.241276931503986 120.3108600151649 29.541253911264246 1598014906 1598235810
119.50969338884121 30.03694677127638 120.48689253095317 30.507820133432887 1596304366 1597603038
118.39894097535223 30.15320614944489 118.49649964883723 30.441828347484954 1596446491 1598717348
119.13925778977833 30.070281331803777 120.02760791564751 30.446010529352975 1596841690 1597391161
118.61312699311979 29.288214460898896 119.66891921322362 30.153410359401878 1596891099 1597055522
119.659902518396 29.55480905315263 119.73808227439021 29.935971989087964 1596794855 1596798117
119.34617504952473 29.872726796536003 120.05950795635725 30.494854641122107 1596517687 1597926824
118.40832488338172 29.31179222519695 118.63344261354226 29.512571250887962 1597434493 1597864482
118.89332050403164 29.72626436877175 119.95436420597703 30.041729207761247 1596864145 1597526198
119.72809486107845 30.21526393519968 120.41436615001392 30.37651974530692 1596939937 1598335345
119.28936842670282 29.79875914848936 119.84244701097423 30.547129679492066 1597435992 1598440926
120.04595295275043 30.27378619691659 120.39650211833883 30.43283747433385 1597167469 1597553301
118.72623275201646 30.106943353449115 119.50146683197941 30.4525162067197 1596074362 1597849434
118.6098633171662 29.802312372303497 119.35957898964632 30.479169324191126 1596976336 1598022717
119.58441435448108 29.31160748089947 120.00828294196168 29.99178812056116 1596130257 1596656279
119.19079919954108 29.834721008542367 119.68984642711916 30.085099114286667 1596224202 1596436001
118.75660883679258 29.788291163837965 120.31997468474984 30.01520818553013 1597402575 1598291914
120.33610632622427 29.58514352770621 120.43039779672522 30.068482025423812 1596112931 1597989688
118.9203397430788 29.347123707927643 118.95377252955396 29.620627070868927 1596429139 1596794369
118.39247661033558 29.799947902280735 118.75402391860776 30.226165644209253 1597298822 1598459870
119.38963005773614 30.08929431885408 120.08226985667056 30.442373773170047 1596596903 1596716267
119.50607254232254 29.645629974012387 119.57192435189866 29.719338076279858 1598457346 1598834106
118.50061436626198 29.613115946848723 118.79847083977364 30.066054949671088 1596775050 1598419890
118.96100558516221 29.661078089709186 119.30169201281485 30.30568402956591 1597268399 1597730685
120.16529294696387 29.709074406325218 120.42139966772528 30.372532933172803 1596414575 1597599745
118.67968988228989 29.264107453185723 120.19877754506942 30.524244112481767 1597636073 1598001232
118.39409409360121 29.840891548289747 120.0233661821377 30.304195123560948 1597548361 1598061645
