-8.607525849632895 39.0368336860525 -8.055152084821163 41.01900731934943 1372645163 1372677504
-8.684532272049115 39.22608658957601 -7.935343133807845 40.31009884252021 1372641804 1372648053
-7.809383974445217 41.19937783045821 -7.803087905631138 41.696799044405736 1372690930 1372697291
-8.782951606042396 39.364339398207335 -8.223167742816333 39.76082474002566 1372744352 1372748520
-7.990907883367943 38.73470773707944 -7.969894804250535 40.03389898670783 1372674319 1372703361
-9.018170212565733 39.41711031341481 -8.23693541806718 42.10624309717633 1372731047 1372766180
-9.020497248267002 39.65487571786815 -8.72821462082292 42.006813716041854 1372684617 1372701688
-9.039298859683214 39.37799418041443 -8.463492102607713 40.29272866510452 1372687183 1372748943
-8.288074010872226 39.74344213565258 -7.9452866903098815 40.33888028174173 1372654027 1372701097
-8.343707782718656 40.0308821120825 -8.322809497204421 41.99626696141724 1372707720 1372771596
-8.597462271187995 39.18567433581315 -8.008983048483119 40.98681536422519 1372741395 1372762082
-9.13196582155193 38.812867037141054 -8.531504229652256 40.37289143781014 1372740322 1372751100
-8.665783869414472 39.992431629893616 -8.491898365238665 41.13277392269291 1372745742 1372778249
-8.789556606197694 40.16889154507007 -8.560397870160859 40.613168288985634 1372735515 1372764702
-8.742255380020817 39.22614447782305 -7.84941451572099 41.16442361179473 1372685648 1372708021
-8.81537103588404 38.807672047183054 -7.812304966062628 41.53328396023022 1372756464 1372760550
-8.141796559090626 40.371927224532385 -7.882553399038235 41.47603184626826 1372665629 1372701892
-8.575590068783537 40.30535228726586 -7.7944898684718265 40.86309558783611 1372657770 1372730803
-9.10223566183072 40.55227619590459 -8.28578951425505 41.78937302381452 1372648174 1372668846
-8.642053113185854 39.598315270577004 -8.037901530544731 41.61512884793897 1372701696 1372737131
-9.006355690081115 39.069448329427395 -7.998340257787947 39.79042062948123 1372673059 1372753147
-8.77403676725039 40.13329126138418 -8.73657069935011 41.92516820438669 1372697353 1372729165
-8.855265207289824 39.80221572819329 -8.469385493389323 41.91842805559007 1372702500 1372711728
-8.122658394130406 40.50987052774412 -7.783718482711567 41.36379344875611 1372649207 1372672479
-8.892168367111795 38.88654500310449 -8.813571741658496 39.66012192952576 1372657875 1372680552
-8.671711709999817 38.90827412628995 -8.293816600304272 39.83465598497279 1372649992 1372650233
-8.8056266638946 38.960555228756796 -8.224678383992217 39.29866320366156 1372654680 1372773997
-8.198270868859423 39.54157710023891 -8.061090644304704 41.92591040610307 1372688558 1372749199
-9.032844193398523 41.22770305194267 -8.26806424000963 41.87575334472315 1372709919 1372748023
-8.841861583073976 39.02920510104031 -8.122153850208317 40.1724728122105 1372642043 1372745738
-8.120629047527407 39.02704042801649 -7.9875658446760145 42.098670876296346 1372675197 1372747174
-8.815569433968458 39.65504121911266 -8.14538374485347 41.74016076586226 1372712496 1372715262
-8.612641838555742 40.096071673412546 -8.061381688728666 40.960251503804415 1372683464 1372703559
-8.637171806660557 39.08737692290623 -7.817596332093027 39.867326744497895 1372643865 1372711637
-9.068724656881997 41.25424439761407 -8.378627501831803 41.362760881357666 1372732205 1372780625
-8.523396344180778 39.79182269786326 -8.08438179446079 40.0324715447727 1372649268 1372661209
-8.420192031267355 39.26719199602566 -8.039125087258343 39.52972625696023 1372674507 1372739823
-8.856702342419268 39.68593977287241 -7.8981131733513505 41.36346337324322 1372686852 1372773781
-8.646696213770717 40.44705745180575 -7.8343137712806055 41.9250730905082 1372661478 1372703277
-8.290069789975524 39.90791261618125 -7.747543148151084 41.79102970396323 1372704106 1372712534
-8.890987102043315 41.22885229564821 -7.849014800719349 41.41147645388407 1372643703 1372706937
-8.37530219173701 40.066398751353816 -8.101388588416022 41.536803951023145 1372650025 1372700666
-8.368509605375376 38.90968950316879 -8.142771614596004 40.60035361297647 1372700598 1372706581
-8.75480953020347 39.994028185270686 -8.529246850263974 41.09633027118056 1372686727 1372772600
-8.872788012437258 39.1646832342757 -8.140439978106263 40.09995197254238 1372736623 1372741808
-8.52163176787127 40.50557363985356 -7.9903243381353155 41.91122210181794 1372674038 1372712482
-8.738633169574207 39.314171213049754 -8.364643382289488 40.505671584524606 1372739143 1372771731
-8.763097239332271 40.61445749577449 -7.924676881556422 42.02467939851273 1372686463 1372777850
-8.947838632913728 39.49819435768297 -8.606095031266253 40.480099520682145 1372674254 1372765335
-8.470526872940257 41.59039084692579 -8.197760596667342 41.66451325784413 1372709134 1372728638
-9.084385046410102 40.76367587011354 -8.217094557718074 41.385039848306405 1372669823 1372765235
-9.031083050868304 40.37053863552633 -7.98945703414317 41.53101351400663 1372689303 1372766866
-8.539238866384665 39.57743554090846 -7.931065343388069 39.6205154389954 1372706068 1372732972
-8.681289691523734 39.70763712890988 -7.74423330840819 40.55581561368661 1372687191 1372714129
-8.43069780837331 39.892962214174354 -7.841115857009277 41.250981999474746 1372691801 1372738545
-9.094555593862172 39.511667495003024 -8.319852215921673 41.60948741220734 1372694608 1372697481
-8.071593849770709 39.18427836744776 -7.830405873647139 39.48961218689558 1372664416 1372688513
-8.765593710430595 39.479109669922515 -8.33921185438156 40.116174714318504 1372680032 1372681260
-8.67091616550853 39.52040667781824 -8.430433656873442 41.1068592155599 1372641247 1372655981
-8.706928795098133 39.51530342142086 -8.648907987291459 40.682691205943215 1372736653 1372782221
-8.45697564549385 39.78067224375163 -8.141046932887383 41.19931248121804 1372642545 1372754158
-8.909744779919444 39.00774550653665 -8.642621802285287 39.30521779800775 1372640596 1372751009
-9.079021903620854 39.408009086669864 -8.205996224359765 41.34417166622126 1372651845 1372686476
-9.096239592947562 40.357436100631965 -8.246353145957947 40.736362272394935 1372731334 1372775948
-8.78830267877116 39.0502623953401 -8.02372305204005 40.0798946392421 1372675217 1372775574
-8.866565081824273 38.84249326760606 -8.739748963234959 39.268751351786136 1372757314 1372772431
-8.688323391963984 39.24042112665146 -8.251722685480837 41.48206953681323 1372679486 1372697044
-9.091520509286042 38.83722896434054 -8.88921659158215 41.83093326697479 1372638171 1372777625
-9.034597691939524 39.00832557950983 -7.788447025442359 41.97185178871138 1372756384 1372778854
-8.79543297843484 38.89816672443135 -8.302505227969533 42.05319920250649 1372671096 1372704687
-8.910873276677783 40.51452247702174 -8.888423117888488 41.56485854430506 1372753054 1372759458
-8.975903095657582 39.04024216789773 -8.719030427302554 40.35012563756645 1372746864 1372760268
-8.3415699052452 39.85410881308831 -8.185851962675759 40.60593736486796 1372639210 1372757512
-8.791873182963682 40.08280786097334 -8.306567748399232 41.96489037584767 1372637208 1372741630
-8.842966728695403 40.07568592842881 -7.834216942999305 40.085678920499774 1372640186 1372756070
-8.54605765273531 39.22620062534265 -8.39435204581269 39.72738200949379 1372737691 1372761632
-9.100181990372137 38.84586011572677 -8.815216096274762 41.77539824856329 1372736901 1372777059
-8.85941261417063 40.33079290446379 -7.928678526388417 41.984108037747696 1372727989 1372767330
-8.45463307153858 38.93193756114601 -7.818387963792419 41.68553846000753 1372722874 1372779071
-8.928926487802002 41.04977445280889 -8.88620111326348 41.78128449031646 1372667328 1372717133
-8.873761702660355 38.9969027640047 -8.054110246841722 41.698653915921206 1372762105 1372768121
-8.141461309022926 40.21824458495226 -8.134429049206224 40.38291199093941 1372748242 1372777544
-8.830367118355019 38.859109318679096 -8.023100647101108 38.9665573506321 1372666276 1372758988
-7.966856073985969 38.88934281971707 -7.8690395201716 40.33602884844653 1372651783 1372752170
-8.986736070238914 39.904836099913624 -8.812981764762 40.115162224086895 1372638405 1372653956
-8.480500711778808 40.95099947131079 -8.083161281754995 41.84719419447392 1372699815 1372759155
-8.508106650975895 40.76676570844923 -8.307203281054067 41.666304528667666 1372647097 1372659016
-8.985395890163643 38.83247261525676 -8.845080293128449 40.716107163936 1372715082 1372739398
-8.888105030241302 41.30878523320032 -8.261442096357008 41.475257437090505 1372652518 1372670875
-8.389310464345812 40.49919989781434 -7.787669222874353 40.93631873802716 1372720075 1372758552
-8.250236062112576 40.87933845389709 -8.1591333766359 41.03345368322362 1372677802 1372739064
-9.12953554027045 39.06180566607394 -7.79929426414752 41.414448106129306 1372644279 1372733680
-7.892414089558004 40.039658171314755 -7.870444746940964 41.68936448739348 1372674371 1372709193
-9.09123545272078 39.08229021749222 -8.565630205288423 41.08018438934719 1372714995 1372738635
-9.09155187431038 39.04128535615598 -7.943842879621084 39.6737269866307 1372694000 1372713353
-8.80039674727861 41.59662491092718 -8.0142040591724 41.748266026198664 1372642783 1372713332
-8.141522809084808 39.30796831953248 -8.046595109728852 41.909879486097836 1372730938 1372740263
-8.972706520108943 41.011455700038226 -8.221247425750532 41.28780483819474 1372675284 1372762200
-8.75718074780063 40.248157316093014 -7.841598998031754 41.53407324599438 1372713606 1372717777
-8.508699998334496 39.504786726745536 -8.34700159411205 40.3970569326308 1372745050 1372751988
