-9 40 -7 42 1300000000 1500000000
-8.651553 41.066949 -7.984440 41.324905 1376540750 1394656756
-8.391616 41.025579 -7.965853 41.416128 1377374385 1392064126
-8.591666 41.000113 -7.909976 41.329995 1375867177 1402559241
-8.475286 41.015374 -7.942322 41.397262 1377067618 1391406311
-8.566909 41.021523 -8.117525 41.214473 1374131741 1402709384
-8.446832 41.010165 -7.932837 41.381359 1383064144 1395477712
-8.626216 41.029816 -8.031688 41.405367 1374232047 1401857028
-8.612072 41.096207 -8.121090 41.358423 1383852156 1404009835
-8.655154 41.061730 -7.873318 41.205302 1381041773 1403221146
-8.599474 41.004624 -7.902795 41.289335 1382661388 1401223476
-8.665259 41.037379 -8.276036 41.264937 1376606430 1403054274
-8.697736 41.065572 -8.277534 41.387736 1374070878 1392999969
-8.624588 41.022684 -7.946350 41.323069 1373271418 1388620341
-8.669537 41.024734 -7.957854 41.387219 1377014331 1392774154
-8.611906 41.088945 -8.054709 41.319345 1373738571 1397150371
-8.675338 41.013833 -8.200033 41.262197 1374457190 1399611052
-8.573864 41.031631 -8.068290 41.383493 1377199891 1394852628
-8.403830 41.019241 -7.901618 41.367029 1380883860 1396042179
-8.459371 41.003205 -7.896013 41.327391 1388236515 1403308702
-8.591574 41.011602 -8.382944 41.410165 1374554847 1401796642
-8.462961 41.004826 -7.876999 41.304802 1389591056 1404092648
-8.445999 41.127813 -7.909662 41.395068 1377470499 1401035835
-8.667552 41.087073 -7.902301 41.363876 1374404813 1393026192
-8.657252 41.040009 -8.010863 41.254448 1375775442 1399371853
-8.621745 41.087353 -8.188656 41.373622 1377212557 1395381907
-8.311952 41.099158 -7.935929 41.401692 1377299378 1400644969
-8.590701 41.082133 -7.973964 41.371251 1380862462 1393903486
-8.528056 41.088190 -8.092194 41.367233 1375373813 1396536938
-8.424403 41.119980 -7.947503 41.409468 1375955055 1402775957
-8.456644 41.060318 -7.949695 41.416275 1374741956 1388630884
-8.510562 41.040238 -8.075244 41.362907 1374768043 1403002402
-8.566907 41.056837 -7.953011 41.418420 1382458944 1401886562
-8.643565 41.021136 -8.085968 41.339343 1385812092 1398776316
-8.670291 41.008691 -8.103649 41.381032 1375871912 1403908399
-8.670744 41.016098 -8.196311 41.399347 1378515738 1402453194
-8.689199 41.034490 -7.932329 41.383744 1375492661 1400555435
-8.656288 41.083412 -8.128265 41.283872 1375500546 1398804001
-8.636572 41.151641 -8.106519 41.396997 1374996211 1401280538
-8.575622 41.079833 -8.038247 41.419522 1377337462 1394608103
-8.637909 41.005486 -7.919103 41.294960 1372874818 1397062964
-8.622340 41.082470 -8.027653 41.396847 1376510187 1402272061
-8.361362 41.124947 -7.934404 41.374613 1374937791 1403895686
-8.646987 41.069506 -7.979894 41.403352 1375480316 1388561115
-8.680681 41.052589 -8.428186 41.410793 1377531854 1403511122
-8.629172 41.160519 -7.918683 41.378752 1375977364 1401043435
-8.638880 41.019479 -7.940577 41.310629 1379949313 1396331504
-8.675477 41.171337 -8.184408 41.356906 1375445770 1400926980
-8.599304 41.012508 -8.277727 41.395325 1377708725 1397728371
-8.546739 41.027734 -8.003373 41.352215 1373819447 1402497175
-8.662276 41.140313 -7.975735 41.288934 1376627698 1404022949
-8.619294 41.001565 -8.092712 41.395543 1389248291 1404094487
-8.542351 41.027958 -8.117989 41.274140 1374086180 1397510551
-8.636993 41.117332 -7.911455 41.418560 1388037176 1398944329
-8.296073 41.006947 -8.023380 41.341612 1373148339 1400046745
-8.648871 41.080026 -8.277784 41.406984 1381897272 1403777738
-8.627055 41.171766 -8.001879 41.408712 1373389932 1393343079
-8.632560 41.059928 -7.937301 41.399368 1372858280 1396980604
-8.695609 41.068965 -8.268868 41.376907 1386585110 1403386501
-8.597202 41.232267 -7.890053 41.357784 1373671066 1399932730
-8.463740 41.100015 -7.905335 41.391528 1374112844 1389796965
-8.652850 41.024755 -7.911935 41.364553 1381295356 1397768740
-8.593539 41.028617 -7.944861 41.384537 1387143299 1403653177
-8.609356 41.048152 -8.120291 41.344572 1378443601 1403750244
-8.430196 41.020116 -7.880440 41.284840 1383684672 1399177376
-8.687270 41.029979 -8.055764 41.392183 1378667908 1391098054
-8.557885 41.031649 -7.923429 41.366150 1378038681 1392694898
-8.499395 41.019338 -7.956459 41.253754 1377073782 1397393948
-8.492215 41.017039 -7.984429 41.235774 1373291298 1398680750
-8.347900 41.025658 -7.921968 41.415221 1383237551 1398963395
-8.382187 41.054551 -7.976978 41.341936 1377919821 1398665516
-8.380146 41.056351 -7.970012 41.382394 1383893689 1403136066
-8.636740 41.138920 -8.166511 41.389975 1379123443 1402710754
-8.678441 41.046198 -7.982853 41.302295 1383421415 1401495383
-8.376324 41.004548 -7.986960 41.317314 1372750975 1404000297
-8.647428 41.004623 -7.967797 41.163869 1374555509 1402876016
-8.543290 41.042686 -7.901828 41.381709 1375717414 1393950749
-8.515386 41.001337 -7.927119 41.182587 1374859768 1400933590
-8.680623 41.010573 -7.989739 41.410294 1375171810 1403870574
-8.571712 41.001407 -8.142926 41.358891 1375058664 1395274216
-8.498108 41.122340 -8.040888 41.401214 1378987579 1398814486
-8.417932 41.045681 -8.091696 41.385722 1377558706 1401499757
-8.562108 41.052098 -7.892596 41.217639 1375913791 1400816641
-8.635612 41.060809 -8.152984 41.317373 1378596440 1404139840
-8.546066 41.002938 -8.163598 41.317035 1380372195 1399004285
-8.510509 41.022235 -8.020160 41.391387 1374780339 1389908780
-8.419218 41.004418 -7.871828 41.348213 1378857153 1401405536
-8.610731 41.036778 -7.999449 41.355904 1387658692 1400618844
-8.685601 41.076740 -7.930647 41.285222 1383422625 1400037290
-8.638442 41.025203 -8.226216 41.322331 1375079790 1398267108
-8.693877 41.062055 -7.936589 41.389516 1373652028 1387253013
-8.611749 41.174382 -7.883669 41.378220 1386264874 1401528163
-8.569720 41.013415 -7.958388 41.256686 1380928248 1402447996
-8.574927 41.057622 -7.932274 41.392336 1372791237 1387903997
-8.602579 41.014952 -8.170360 41.400685 1374929860 1394181383
-8.347714 41.112470 -7.913627 41.393695 1379836830 1402874313
-8.539636 41.011925 -7.874125 41.371156 1373661611 1398772705
-8.691106 41.023080 -7.957775 41.266221 1377331191 1394139119
-8.349576 41.043315 -7.899874 41.385763 1373547764 1387838830
-8.385706 41.105243 -7.917507 41.393823 1378117428 1399851067
-8.412872 41.048111 -7.964315 41.401608 1374670153 1398024424
