-8.682329739182336 41.16930767535641 -8.553892156181982 41.17336956864337
-8.610269994657497 41.141684995811005 -8.560452908967754 41.21404596573107
-8.656135520314116 41.1333164462172 -8.51591767515082 41.232968562456634
-8.61209634634375 41.158958991217865 -8.52322392897172 41.24927719370218
-8.643356096234243 41.137191722044705 -8.523699426675643 41.189075460950825
-8.684539665261774 41.10602820134531 -8.597621364346045 41.202506886108615
-8.62907709010536 41.11882491097701 -8.60984290760153 41.14529807142744
-8.630039023165658 41.1051198144645 -8.5615316209469 41.130393176097805
-8.66132422662234 41.10577048376629 -8.6535177083219 41.202653256567864
-8.583357390773926 41.19267129170488 -8.533308101399918 41.19763225908125
-8.645216391211074 41.17138538510826 -8.55943640939555 41.24995058927439
-8.681658574938801 41.17401589523243 -8.528415167917801 41.18411381224199
-8.663396018472437 41.10424926860893 -8.532726124960224 41.12767056050584
-8.668159665621536 41.187001049271 -8.522656073917961 41.24164357153886
-8.698408664677649 41.100884180861776 -8.585186073756624 41.21646639824516
-8.640857126095389 41.18921458810777 -8.571337242868331 41.23163890743958
-8.697001315324766 41.150041491943554 -8.643634534722691 41.21555289213035
-8.686206259243372 41.11239829348133 -8.505740204322025 41.225173900763984
-8.545366749872999 41.104160647515435 -8.502391488742148 41.12857878557103
-8.687655925785078 41.12482033692842 -8.67762068012149 41.22154438644912
-8.547431383634628 41.154188114508464 -8.53856401963754 41.22478933186701
-8.676020296324753 41.12194397539218 -8.646004209843065 41.238182962752155
-8.614701250218161 41.166728083259386 -8.59305994795071 41.17646266172647
-8.582451239995587 41.22968792918256 -8.506044469602434 41.23622667340853
-8.589250833713095 41.1431431949103 -8.50600551451648 41.150772471168615
-8.602098531206435 41.13062096084835 -8.513153972361478 41.24363482900301
-8.662182384564655 41.17189158497637 -8.555496530053563 41.243023671531446
-8.587994035808673 41.13499207830268 -8.543813046630591 41.20308354548812
-8.625160210349119 41.114742182962345 -8.573300801919135 41.197131224475264
-8.580666888568963 41.1610623244318 -8.548114145367665 41.201814928878385
-8.693130497634035 41.1918078202797 -8.60969650817602 41.20981518877753
-8.687530641866758 41.15102365052188 -8.541308894829122 41.156349625535704
-8.614866061337693 41.177363395004264 -8.542418763653716 41.239943457729474
-8.668405559950777 41.18795565675413 -8.638833620404052 41.20944813827123
-8.674915332457154 41.20875546116852 -8.636430227909694 41.233652065483476
-8.619772989708343 41.175657356044375 -8.503066834970761 41.2247570424419
-8.680597394727078 41.10231459293511 -8.672531504819878 41.10499527888836
-8.622074295524872 41.119010129267345 -8.598413750986047 41.165777423648514
-8.646239170934733 41.17931573252402 -8.542795729954682 41.231287960643
-8.6279231572523 41.216570225679966 -8.538180363580487 41.24466416204657
-8.652208242789582 41.19907772058167 -8.546702562188253 41.24911635094325
-8.593398318907076 41.11192199448117 -8.581313480726187 41.11676364944891
-8.66761055682272 41.152865926689884 -8.610038488188703 41.211349542212076
-8.674012664422028 41.10281518508652 -8.619016949585555 41.22251818717624
-8.53975442637731 41.146138361890756 -8.534134949617142 41.21021498630313
-8.691175401237844 41.19185741632365 -8.506014273861926 41.21196010525922
-8.526837407010872 41.18469544448641 -8.509969816892635 41.212555558784025
-8.608342924088712 41.15535716879533 -8.558135348411398 41.17717665807233
-8.671594247401659 41.148111782529064 -8.51068507236545 41.20960686399964
-8.672264052486437 41.13742891097635 -8.622095637916493 41.206483080579545
-8.598505458336753 41.11634789379049 -8.590445416453264 41.22581603711943
-8.576228719943686 41.1033338614763 -8.521248805295416 41.12446460457213
-8.695596292883952 41.198519931142435 -8.639601264276724 41.222911050348806
-8.606294202730195 41.17039857481663 -8.5770859627602 41.22383884676937
-8.64787166556327 41.161144008950934 -8.640390528331968 41.21272049592847
-8.631893700436958 41.14373313100199 -8.506682918279452 41.20799761008186
-8.649581179518702 41.130673033378656 -8.60640596061133 41.139841837819006
-8.69353011953751 41.105255765869394 -8.603452773325655 41.17127341939644
-8.69212349142624 41.19942207739538 -8.620435945157032 41.214951092769134
-8.645377104993038 41.15709204319741 -8.505148267192643 41.161546105593246
-8.606230340938453 41.20629691692662 -8.602711331156776 41.21279161242146
-8.552260074289812 41.14507438368457 -8.509815942739412 41.17369090804012
-8.573786404714433 41.11619265754905 -8.505092620891181 41.172785099011364
-8.528368699551672 41.11002628149451 -8.51400249415473 41.174384360418685
-8.6372630351984 41.114089078339084 -8.51437320074153 41.170365585008575
-8.654754659948372 41.178406200280385 -8.596563378263692 41.219198022644406
-8.561647553511342 41.13767600816469 -8.520684538131588 41.19608577802684
-8.696296719856479 41.20697537174373 -8.688654134196973 41.245317666439526
-8.659256787280624 41.208615009493414 -8.551287537708946 41.218570373368294
-8.653100985804251 41.152162580009545 -8.555615271072906 41.192978447311354
-8.636436169758664 41.15313797167681 -8.522211622396997 41.20043853839208
-8.68299601457572 41.23134781444227 -8.515147374117515 41.23593238856449
-8.654132800751933 41.106097839140766 -8.626059816619561 41.109261247551295
-8.579635090600828 41.156463505310924 -8.568446748932583 41.16285572807832
-8.613122795081953 41.13939272433274 -8.556799603205514 41.242587513484665
-8.689971577097594 41.12164407026192 -8.620950729869541 41.228219486855984
-8.674526787966915 41.15048477277658 -8.671143689227014 41.21663785189007
-8.578063573367817 41.15903962316008 -8.54723968178369 41.22862776398033
-8.609133967622057 41.10852575667221 -8.504737968616352 41.13329437116401
-8.564133574398836 41.16992255031456 -8.53147054731938 41.24808030003145
-8.584355214909055 41.22663820586534 -8.54429910374083 41.240568511770434
-8.683323498362737 41.14376070427213 -8.600587964293393 41.231063218914876
-8.55603379962881 41.14707979619463 -8.500508726861053 41.160436514148245
-8.609592224213666 41.13705558635404 -8.565258111253414 41.210333879810456
-8.550725379312333 41.14936647180154 -8.505992641466703 41.16193650241531
-8.672481044336845 41.111659323381794 -8.501707526361804 41.162323490348946
-8.573435204758836 41.110177752837906 -8.515020331021868 41.207479486348596
-8.577680025909133 41.156112725751235 -8.525002509202237 41.215213305867735
-8.612602028852145 41.1029567275198 -8.543716568678956 41.173225989378736
-8.639159853493103 41.14646280330467 -8.506316872487783 41.175399771860256
-8.575333097907167 41.20863532468006 -8.52887737074652 41.23112577261646
-8.667674908535263 41.19305703047197 -8.550782158478375 41.225310580159
-8.561102191736838 41.18937783207898 -8.507988495635221 41.22604728962922
-8.674162291710765 41.194417659317445 -8.53805140002791 41.24264847494281
-8.681820280277392 41.14935141709347 -8.52363364379746 41.23599700486236
-8.57073187257375 41.125775000429606 -8.503937753998816 41.21334054187588
-8.596963019177194 41.10740559785315 -8.59448693265268 41.124210275021284
-8.65467207003104 41.10714683909534 -8.538588104288403 41.115214666716916
-8.567327147395815 41.23548102048883 -8.560070806805035 41.241567247298924
-8.643020139717432 41.10687409420551 -8.594790867605907 41.21489237171809
